			 IMPROVED BREAKPOINT REVERSAL SORT 

Initial Genome: 13,2,17,1,3,20,19,11,12,4,5,16,15,10,18,14,8,7,6,9

Reversals: (1, [12,20])  ——  Genome: 0,13,2,17,1,3,20,19,11,12,4,5,6,7,8,14,18,10,15,16,9,21
Reversals: (1, [8,17])  ——  Genome: 0,13,2,17,1,3,20,19,18,14,8,7,6,5,4,12,11,10,15,16,9,21
Reversals: (1, [6,15])  ——  Genome: 0,13,2,17,1,3,4,5,6,7,8,14,18,19,20,12,11,10,15,16,9,21
Reversals: (1, [18,21])  ——  Genome: 0,13,2,17,1,3,4,5,6,7,8,14,18,19,20,12,11,10,9,16,15,21
Reversals: (1, [11,19])  ——  Genome: 0,13,2,17,1,3,4,5,6,7,8,9,10,11,12,20,19,18,14,16,15,21
Reversals: (1, [15,21])  ——  Genome: 0,13,2,17,1,3,4,5,6,7,8,9,10,11,12,15,16,14,18,19,20,21
Reversals: (1, [15,17])  ——  Genome: 0,13,2,17,1,3,4,5,6,7,8,9,10,11,12,16,15,14,18,19,20,21
Reversals: (1, [2,18])  ——  Genome: 0,13,14,15,16,12,11,10,9,8,7,6,5,4,3,1,17,2,18,19,20,21
Reversals: (1, [15,18])  ——  Genome: 0,13,14,15,16,12,11,10,9,8,7,6,5,4,3,2,17,1,18,19,20,21
Reversals: (1, [16,18])  ——  Genome: 0,13,14,15,16,12,11,10,9,8,7,6,5,4,3,2,1,17,18,19,20,21
Reversals: (0, [5,17])  ——  Genome: 0,13,14,15,16,1,2,3,4,5,6,7,8,9,10,11,12,17,18,19,20,21
Reversals: (0, [1,5])  ——  Genome: 0,16,15,14,13,1,2,3,4,5,6,7,8,9,10,11,12,17,18,19,20,21
Reversals: (1, [5,17])  ——  Genome: 0,16,15,14,13,12,11,10,9,8,7,6,5,4,3,2,1,17,18,19,20,21
Reversals: (2, [1,17])  ——  Genome: 0,1,2,3,4,5,6,7,8,9,10,11,12,13,14,15,16,17,18,19,20,21

Final Genome: 1,2,3,4,5,6,7,8,9,10,11,12,13,14,15,16,17,18,19,20